Row analysis x=900..2000
Y    icon  text  bg   dominant
 250    18     0  1082 gap
 255    33     2  1066 gap
 260    52     4  1041 gap
 265    63     6  1032 gap
 270    78    10  1012 gap
 275    93    13   993 gap
 280   110    16   971 ICON
 285   122    18   953 ICON
 290   135    22   940 ICON
 295   152    25   923 ICON
 300   168    30   903 ICON
 305   176    36   889 ICON
 310   185    42   872 ICON
 315   213    31   857 ICON
 320   230    28   842 ICON
 325   244    29   826 ICON
 330   253    36   810 ICON
 335   263    38   797 ICON
 340   279    35   782 ICON
 345   269    50   778 ICON
 350   259    62   779 ICON
 355   255    67   779 ICON
 360   256    66   779 ICON
 365   248    74   778 ICON
 370   235    84   779 ICON
 375   229    85   787 ICON
 380   230    73   796 ICON
 385   226    62   808 ICON
 390   221    55   820 ICON
 395   209    55   833 ICON
 400   199    62   836 ICON
 405   196    71   832 ICON
 410   214    59   828 ICON
 415   229    49   823 ICON
 420   252    49   799 ICON
 425   278    44   779 ICON
 430   297    43   759 ICON
 435   305    54   739 ICON
 440   329    50   719 ICON
 445   341    53   702 ICON
 450   350    55   690 ICON
 455   349    66   680 ICON
 460   357    70   667 ICON
 465   361    76   659 ICON
 470   376    73   645 ICON
 475   392    68   635 ICON
 480   400    73   622 ICON
 485   399    79   610 ICON
 490   407    83   600 ICON
 495   409    98   588 ICON
 500   421   100   577 ICON
 505   416   109   567 ICON
 510   427   116   555 ICON
 515   411   145   543 ICON
 520   407   158   531 ICON
 525   410   147   526 ICON
 530   412   137   527 ICON
 535   396   133   529 ICON
 540   400   129   533 ICON
 545   394   122   537 ICON
 550   412   121   544 ICON
 555   382   120   577 ICON
 560   355   146   581 ICON
 565   352   150   580 ICON
 570   368   141   580 ICON
 575   381   129   580 ICON
 580   380   121   581 ICON
 585   391   114   581 ICON
 590   376   128   581 ICON
 595   373   131   581 ICON
 600   352   155   582 ICON
 605   326   178   582 ICON
 610   329   175   582 ICON
 615   339   165   582 ICON
 620   347   154   581 ICON
 625   331   170   581 ICON
 630   311   192   581 ICON
 635   314   190   581 ICON
 640   311   193   582 ICON
 645   264   237   582 ICON
 650   255   247   582 ICON
 655   245   257   582 TEXT
 660   250   255   582 TEXT
 665   259   243   583 ICON
 670   260   240   583 ICON
 675   242   253   583 TEXT
 680   256   230   584 ICON
 685   206   259   590 TEXT
 690   180   277   607 TEXT
 695   165   296   607 TEXT
 700   171   294   605 TEXT
 705   170   293   612 TEXT
 710   171   290   621 TEXT
 715   164   289   629 TEXT
 720   155   291   636 TEXT
 725   147   290   643 TEXT
 730   135   293   653 TEXT
 735   124   284   661 TEXT
 740   124   274   668 TEXT
 745   127   274   676 TEXT
 750   123   272   683 TEXT
 755   117   272   691 TEXT
 760   106   276   698 TEXT
 765   109   272   705 TEXT
 770    96   273   714 TEXT
 775    88   272   722 TEXT
 780    74   271   729 TEXT
 785    62   267   738 TEXT
 790    57   265   744 TEXT
 795    56   262   749 TEXT
 800    58   258   758 TEXT
 805    53   258   766 TEXT
 810    52   253   774 TEXT
 815    45   247   789 TEXT
 820    30   243   814 TEXT
 825    23   231   841 TEXT
 830    64    46   960 gap
 835    11    29  1059 gap
 840    15    10  1075 gap
 845     8     0  1092 gap
 895    25    45  1028 gap
 900    18    80  1002 gap

Icon-only bbox (y 220-750): 1077 247 1785 750
Text-only bbox (y 700-1340): 900 700 1983 1311
Widest gap row: y=848 bg=1101 / 1101
